user_id,purchases,unique_brands,lovely_brand_name,lovely_brand_purchases,loyalty_score
3999441,6,2,Brand_2,5,0.8333333333333334
11577522,6,2,Brand_2,5,0.8333333333333334
12914581,12,2,Brand_2,10,0.8333333333333334
28306171,6,2,Brand_2,5,0.8333333333333334
1078811,7,2,Brand_2,6,0.8571428571428571
39147191,7,2,Brand_2,6,0.8571428571428571
4438861,9,2,Brand_2,8,0.8888888888888888
95877441,12,2,Brand_2,11,0.9166666666666666
93265591,6,1,Brand_2,6,1.0
90812641,5,1,Brand_2,5,1.0
88827631,10,1,Brand_2,10,1.0
27857951,5,1,Brand_2,5,1.0
761631,18,1,Brand_2,18,1.0
25948851,5,1,Brand_2,5,1.0
95644501,6,1,Brand_2,6,1.0
6513021,5,1,Brand_2,5,1.0
3995051,9,1,Brand_2,9,1.0
2771421,6,1,Brand_2,6,1.0
27013581,5,1,Brand_2,5,1.0
13695902,6,1,Brand_2,6,1.0
