user_id,purchases,unique_brands,lovely_brand_name,lovely_brand_purchases,loyalty_score
21239212,26,2,Brand_4,21,0.8076923076923077
19958221,26,2,Brand_4,21,0.8076923076923077
11208801,21,2,Brand_4,17,0.8095238095238095
1891451,21,2,Brand_4,17,0.8095238095238095
95807201,16,3,Brand_4,13,0.8125
154851,16,3,Brand_4,13,0.8125
62427441,16,2,Brand_4,13,0.8125
52856451,11,2,Brand_4,9,0.8181818181818182
115549451,11,2,Brand_4,9,0.8181818181818182
2895741,11,2,Brand_4,9,0.8181818181818182
5898991,33,2,Brand_4,27,0.8181818181818182
5692471,11,2,Brand_4,9,0.8181818181818182
70363901,11,2,Brand_4,9,0.8181818181818182
13819951,11,3,Brand_4,9,0.8181818181818182
92036921,11,2,Brand_4,9,0.8181818181818182
821831,11,2,Brand_4,9,0.8181818181818182
3229981,22,2,Brand_4,18,0.8181818181818182
48415271,17,3,Brand_4,14,0.8235294117647058
5966591,23,2,Brand_4,19,0.8260869565217391
18113831,6,2,Brand_4,5,0.8333333333333334
7116201,6,2,Brand_4,5,0.8333333333333334
19777582,6,2,Brand_4,5,0.8333333333333334
109145671,6,2,Brand_4,5,0.8333333333333334
109504591,6,2,Brand_4,5,0.8333333333333334
115629071,12,3,Brand_4,10,0.8333333333333334
1336071,6,2,Brand_4,5,0.8333333333333334
19152711,6,2,Brand_4,5,0.8333333333333334
93693221,6,2,Brand_4,5,0.8333333333333334
16266611,6,2,Brand_4,5,0.8333333333333334
18235961,6,2,Brand_4,5,0.8333333333333334
117979901,6,2,Brand_4,5,0.8333333333333334
1614941,6,2,Brand_4,5,0.8333333333333334
16434231,6,2,Brand_4,5,0.8333333333333334
8036982,6,2,Brand_4,5,0.8333333333333334
18214762,6,2,Brand_4,5,0.8333333333333334
84850161,18,4,Brand_4,15,0.8333333333333334
84599551,6,2,Brand_4,5,0.8333333333333334
10502051,6,2,Brand_4,5,0.8333333333333334
14901411,6,2,Brand_4,5,0.8333333333333334
112495241,6,2,Brand_4,5,0.8333333333333334
2079471,6,2,Brand_4,5,0.8333333333333334
90535091,6,2,Brand_4,5,0.8333333333333334
91649051,12,2,Brand_4,10,0.8333333333333334
2027972,6,2,Brand_4,5,0.8333333333333334
2017181,6,2,Brand_4,5,0.8333333333333334
10073581,6,2,Brand_4,5,0.8333333333333334
88602521,6,2,Brand_4,5,0.8333333333333334
110795672,6,2,Brand_4,5,0.8333333333333334
12762802,6,2,Brand_4,5,0.8333333333333334
110438171,12,2,Brand_4,10,0.8333333333333334
13331161,6,2,Brand_4,5,0.8333333333333334
1924731,6,2,Brand_4,5,0.8333333333333334
86873181,6,2,Brand_4,5,0.8333333333333334
8349301,6,2,Brand_4,5,0.8333333333333334
110055181,6,2,Brand_4,5,0.8333333333333334
93419452,6,2,Brand_4,5,0.8333333333333334
19909361,6,2,Brand_4,5,0.8333333333333334
15540041,6,2,Brand_4,5,0.8333333333333334
86054671,6,2,Brand_4,5,0.8333333333333334
3116531,12,2,Brand_4,10,0.8333333333333334
20026791,6,2,Brand_4,5,0.8333333333333334
1010114169,6,2,Brand_4,5,0.8333333333333334
63544671,12,2,Brand_4,10,0.8333333333333334
63249531,6,2,Brand_4,5,0.8333333333333334
55184202,6,2,Brand_4,5,0.8333333333333334
4787901,12,2,Brand_4,10,0.8333333333333334
1010165079,6,2,Brand_4,5,0.8333333333333334
32680291,6,2,Brand_4,5,0.8333333333333334
246091,6,2,Brand_4,5,0.8333333333333334
36061251,6,2,Brand_4,5,0.8333333333333334
29724201,6,2,Brand_4,5,0.8333333333333334
36826331,6,2,Brand_4,5,0.8333333333333334
100656991,6,2,Brand_4,5,0.8333333333333334
3491131,6,2,Brand_4,5,0.8333333333333334
47990291,18,2,Brand_4,15,0.8333333333333334
47816631,6,2,Brand_4,5,0.8333333333333334
102081,12,2,Brand_4,10,0.8333333333333334
39524011,6,2,Brand_4,5,0.8333333333333334
46898911,6,2,Brand_4,5,0.8333333333333334
46847011,6,2,Brand_4,5,0.8333333333333334
46733621,6,2,Brand_4,5,0.8333333333333334
48410081,6,2,Brand_4,5,0.8333333333333334
1180491,6,2,Brand_4,5,0.8333333333333334
5263692,6,2,Brand_4,5,0.8333333333333334
28612571,6,2,Brand_4,5,0.8333333333333334
93804441,6,2,Brand_4,5,0.8333333333333334
7009281,6,2,Brand_4,5,0.8333333333333334
10343501,6,2,Brand_4,5,0.8333333333333334
21660371,12,2,Brand_4,10,0.8333333333333334
21691671,6,2,Brand_4,5,0.8333333333333334
73571301,6,2,Brand_4,5,0.8333333333333334
73555551,6,2,Brand_4,5,0.8333333333333334
94477591,6,2,Brand_4,5,0.8333333333333334
122440341,6,2,Brand_4,5,0.8333333333333334
64397781,12,3,Brand_4,10,0.8333333333333334
72363381,12,2,Brand_4,10,0.8333333333333334
2774391,6,2,Brand_4,5,0.8333333333333334
6805221,6,2,Brand_4,5,0.8333333333333334
107933061,6,2,Brand_4,5,0.8333333333333334
25554351,6,2,Brand_4,5,0.8333333333333334
94733541,6,2,Brand_4,5,0.8333333333333334
106999311,6,2,Brand_4,5,0.8333333333333334
823751,6,2,Brand_4,5,0.8333333333333334
26699271,6,2,Brand_4,5,0.8333333333333334
69934121,6,2,Brand_4,5,0.8333333333333334
91369821,6,2,Brand_4,5,0.8333333333333334
22695402,19,3,Brand_4,16,0.8421052631578947
115167601,19,3,Brand_4,16,0.8421052631578947
91513871,13,2,Brand_4,11,0.8461538461538461
7637701,13,3,Brand_4,11,0.8461538461538461
1687881,13,3,Brand_4,11,0.8461538461538461
832801,13,2,Brand_4,11,0.8461538461538461
90153831,26,2,Brand_4,22,0.8461538461538461
1010184199,13,2,Brand_4,11,0.8461538461538461
87026941,13,2,Brand_4,11,0.8461538461538461
65123941,13,3,Brand_4,11,0.8461538461538461
63797061,13,2,Brand_4,11,0.8461538461538461
1750221,26,3,Brand_4,22,0.8461538461538461
85396801,26,2,Brand_4,22,0.8461538461538461
15941712,13,2,Brand_4,11,0.8461538461538461
91707591,20,2,Brand_4,17,0.85
10450361,20,3,Brand_4,17,0.85
13949391,27,3,Brand_4,23,0.8518518518518519
6141081,7,2,Brand_4,6,0.8571428571428571
26957121,7,2,Brand_4,6,0.8571428571428571
95374881,7,2,Brand_4,6,0.8571428571428571
64791781,7,2,Brand_4,6,0.8571428571428571
11032891,14,2,Brand_4,12,0.8571428571428571
64699121,7,2,Brand_4,6,0.8571428571428571
26227712,7,2,Brand_4,6,0.8571428571428571
99896671,7,2,Brand_4,6,0.8571428571428571
54655081,7,2,Brand_4,6,0.8571428571428571
3527451,7,2,Brand_4,6,0.8571428571428571
37731201,7,2,Brand_4,6,0.8571428571428571
43268531,7,2,Brand_4,6,0.8571428571428571
5891551,7,2,Brand_4,6,0.8571428571428571
64376491,7,2,Brand_4,6,0.8571428571428571
73517561,7,2,Brand_4,6,0.8571428571428571
71885071,7,2,Brand_4,6,0.8571428571428571
11313651,7,2,Brand_4,6,0.8571428571428571
12541711,7,2,Brand_4,6,0.8571428571428571
91837211,7,2,Brand_4,6,0.8571428571428571
12980501,7,2,Brand_4,6,0.8571428571428571
93084261,7,2,Brand_4,6,0.8571428571428571
93285561,7,2,Brand_4,6,0.8571428571428571
13960522,7,2,Brand_4,6,0.8571428571428571
6759452,14,2,Brand_4,12,0.8571428571428571
14160701,7,2,Brand_4,6,0.8571428571428571
7637703,7,2,Brand_4,6,0.8571428571428571
19468521,7,2,Brand_4,6,0.8571428571428571
19837241,14,3,Brand_4,12,0.8571428571428571
75069501,7,2,Brand_4,6,0.8571428571428571
73892191,21,4,Brand_4,18,0.8571428571428571
24071051,7,2,Brand_4,6,0.8571428571428571
72263471,7,2,Brand_4,6,0.8571428571428571
103910571,7,2,Brand_4,6,0.8571428571428571
11995681,7,2,Brand_4,6,0.8571428571428571
46477571,7,2,Brand_4,6,0.8571428571428571
1210781,14,2,Brand_4,12,0.8571428571428571
108878941,7,2,Brand_4,6,0.8571428571428571
115509501,7,2,Brand_4,6,0.8571428571428571
1566931,7,2,Brand_4,6,0.8571428571428571
1439611,7,2,Brand_4,6,0.8571428571428571
1301391,7,2,Brand_4,6,0.8571428571428571
121680661,7,2,Brand_4,6,0.8571428571428571
122821961,7,2,Brand_4,6,0.8571428571428571
447611,7,2,Brand_4,6,0.8571428571428571
2819681,14,3,Brand_4,12,0.8571428571428571
69371,14,2,Brand_4,12,0.8571428571428571
101841,14,3,Brand_4,12,0.8571428571428571
171891,7,2,Brand_4,6,0.8571428571428571
4867731,44,3,Brand_4,38,0.8636363636363636
122846041,22,3,Brand_4,19,0.8636363636363636
102495511,15,2,Brand_4,13,0.8666666666666667
1889751,15,2,Brand_4,13,0.8666666666666667
19846451,15,2,Brand_4,13,0.8666666666666667
8833601,15,2,Brand_4,13,0.8666666666666667
17659111,15,2,Brand_4,13,0.8666666666666667
1040211,15,3,Brand_4,13,0.8666666666666667
29754551,8,2,Brand_4,7,0.875
45775011,8,2,Brand_4,7,0.875
86103762,8,2,Brand_4,7,0.875
86924991,8,2,Brand_4,7,0.875
88149411,8,2,Brand_4,7,0.875
91328541,8,2,Brand_4,7,0.875
88703511,8,2,Brand_4,7,0.875
10183101,8,2,Brand_4,7,0.875
8275021,16,2,Brand_4,14,0.875
7990851,8,2,Brand_4,7,0.875
7895122,8,2,Brand_4,7,0.875
7641711,8,2,Brand_4,7,0.875
2411721,16,2,Brand_4,14,0.875
2727161,24,3,Brand_4,21,0.875
1961411,8,2,Brand_4,7,0.875
17478612,8,2,Brand_4,7,0.875
40168501,8,2,Brand_4,7,0.875
84726521,8,2,Brand_4,7,0.875
578312,16,2,Brand_4,14,0.875
64701871,16,2,Brand_4,14,0.875
28113401,8,2,Brand_4,7,0.875
27028532,24,2,Brand_4,21,0.875
72088441,8,2,Brand_4,7,0.875
72212661,8,2,Brand_4,7,0.875
72384781,8,2,Brand_4,7,0.875
72536671,8,2,Brand_4,7,0.875
72747461,8,2,Brand_4,7,0.875
122612311,8,2,Brand_4,7,0.875
22180701,8,2,Brand_4,7,0.875
122151851,8,2,Brand_4,7,0.875
20044091,8,2,Brand_4,7,0.875
6401401,8,2,Brand_4,7,0.875
47920531,8,2,Brand_4,7,0.875
75852521,8,2,Brand_4,7,0.875
48737961,8,2,Brand_4,7,0.875
46772871,8,2,Brand_4,7,0.875
115878001,8,2,Brand_4,7,0.875
63001,8,2,Brand_4,7,0.875
3772931,8,2,Brand_4,7,0.875
4961512,8,2,Brand_4,7,0.875
3255941,8,2,Brand_4,7,0.875
3585311,16,2,Brand_4,14,0.875
4800691,24,3,Brand_4,21,0.875
86504251,33,2,Brand_4,29,0.8787878787878788
14554351,25,2,Brand_4,22,0.88
84285661,17,3,Brand_4,15,0.8823529411764706
2147702,17,3,Brand_4,15,0.8823529411764706
63624341,17,2,Brand_4,15,0.8823529411764706
27261531,17,2,Brand_4,15,0.8823529411764706
24422072,17,2,Brand_4,15,0.8823529411764706
27763691,9,2,Brand_4,8,0.8888888888888888
809101,9,2,Brand_4,8,0.8888888888888888
1081181,9,2,Brand_4,8,0.8888888888888888
1972151,9,2,Brand_4,8,0.8888888888888888
23778882,9,2,Brand_4,8,0.8888888888888888
7619311,9,2,Brand_4,8,0.8888888888888888
16963461,9,2,Brand_4,8,0.8888888888888888
91468071,9,2,Brand_4,8,0.8888888888888888
76977741,9,2,Brand_4,8,0.8888888888888888
16369921,9,2,Brand_4,8,0.8888888888888888
29981891,9,2,Brand_4,8,0.8888888888888888
13085351,9,2,Brand_4,8,0.8888888888888888
46811751,9,2,Brand_4,8,0.8888888888888888
12381811,18,2,Brand_4,16,0.8888888888888888
88124471,9,2,Brand_4,8,0.8888888888888888
47767441,9,2,Brand_4,8,0.8888888888888888
13200781,9,2,Brand_4,8,0.8888888888888888
24072031,9,2,Brand_4,8,0.8888888888888888
24183452,9,2,Brand_4,8,0.8888888888888888
36856592,9,2,Brand_4,8,0.8888888888888888
86337261,9,2,Brand_4,8,0.8888888888888888
14355941,9,2,Brand_4,8,0.8888888888888888
30088621,9,2,Brand_4,8,0.8888888888888888
5107951,9,2,Brand_4,8,0.8888888888888888
14477451,9,2,Brand_4,8,0.8888888888888888
76877121,19,2,Brand_4,17,0.8947368421052632
86911511,10,2,Brand_4,9,0.9
11589941,10,2,Brand_4,9,0.9
2194871,10,2,Brand_4,9,0.9
9960381,10,2,Brand_4,9,0.9
2212071,10,2,Brand_4,9,0.9
1925531,10,2,Brand_4,9,0.9
88244191,10,2,Brand_4,9,0.9
3608243,10,2,Brand_4,9,0.9
3546431,10,2,Brand_4,9,0.9
2951421,10,2,Brand_4,9,0.9
218711,10,2,Brand_4,9,0.9
62325711,60,3,Brand_4,54,0.9
527231,10,2,Brand_4,9,0.9
27840541,10,2,Brand_4,9,0.9
9827861,21,3,Brand_4,19,0.9047619047619048
4869352,11,2,Brand_4,10,0.9090909090909091
3115101,11,2,Brand_4,10,0.9090909090909091
1625342,11,2,Brand_4,10,0.9090909090909091
115735781,11,2,Brand_4,10,0.9090909090909091
122738251,11,2,Brand_4,10,0.9090909090909091
86090721,11,2,Brand_4,10,0.9090909090909091
33528321,11,2,Brand_4,10,0.9090909090909091
48514851,11,2,Brand_4,10,0.9090909090909091
114828493,11,2,Brand_4,10,0.9090909090909091
96251,11,2,Brand_4,10,0.9090909090909091
3022573,11,2,Brand_4,10,0.9090909090909091
63552811,11,2,Brand_4,10,0.9090909090909091
64382701,11,2,Brand_4,10,0.9090909090909091
122140561,11,2,Brand_4,10,0.9090909090909091
20564071,11,2,Brand_4,10,0.9090909090909091
897421,11,2,Brand_4,10,0.9090909090909091
122086311,11,2,Brand_4,10,0.9090909090909091
1174721,11,2,Brand_4,10,0.9090909090909091
26976452,11,2,Brand_4,10,0.9090909090909091
25642441,11,2,Brand_4,10,0.9090909090909091
3680141,23,2,Brand_4,21,0.9130434782608695
87242821,23,2,Brand_4,21,0.9130434782608695
11731151,23,2,Brand_4,21,0.9130434782608695
85819071,23,2,Brand_4,21,0.9130434782608695
46736091,12,2,Brand_4,11,0.9166666666666666
92876701,12,2,Brand_4,11,0.9166666666666666
94963251,12,2,Brand_4,11,0.9166666666666666
5150511,12,2,Brand_4,11,0.9166666666666666
101412611,12,2,Brand_4,11,0.9166666666666666
2386621,12,2,Brand_4,11,0.9166666666666666
10249671,12,2,Brand_4,11,0.9166666666666666
2043431,12,2,Brand_4,11,0.9166666666666666
28312651,12,2,Brand_4,11,0.9166666666666666
6981052,13,2,Brand_4,12,0.9230769230769231
2691782,13,2,Brand_4,12,0.9230769230769231
25453891,13,2,Brand_4,12,0.9230769230769231
77587101,13,2,Brand_4,12,0.9230769230769231
105498981,13,2,Brand_4,12,0.9230769230769231
11792371,13,2,Brand_4,12,0.9230769230769231
71460181,13,2,Brand_4,12,0.9230769230769231
117506892,13,2,Brand_4,12,0.9230769230769231
102131521,13,2,Brand_4,12,0.9230769230769231
112355071,13,2,Brand_4,12,0.9230769230769231
45177571,14,2,Brand_4,13,0.9285714285714286
76736651,14,2,Brand_4,13,0.9285714285714286
4464161,14,2,Brand_4,13,0.9285714285714286
73072051,28,2,Brand_4,26,0.9285714285714286
101513731,14,2,Brand_4,13,0.9285714285714286
105463541,14,2,Brand_4,13,0.9285714285714286
561241,14,2,Brand_4,13,0.9285714285714286
106476391,14,2,Brand_4,13,0.9285714285714286
5265321,14,2,Brand_4,13,0.9285714285714286
164692121,15,2,Brand_4,14,0.9333333333333333
4112131,15,2,Brand_4,14,0.9333333333333333
14301941,16,2,Brand_4,15,0.9375
690171,16,2,Brand_4,15,0.9375
46680141,16,2,Brand_4,15,0.9375
19677121,33,3,Brand_4,31,0.9393939393939394
2065642,17,2,Brand_4,16,0.9411764705882353
77321471,17,2,Brand_4,16,0.9411764705882353
19414131,17,2,Brand_4,16,0.9411764705882353
22702241,17,2,Brand_4,16,0.9411764705882353
2221101,17,2,Brand_4,16,0.9411764705882353
46206291,18,2,Brand_4,17,0.9444444444444444
18399991,18,2,Brand_4,17,0.9444444444444444
101765401,18,2,Brand_4,17,0.9444444444444444
278441,19,2,Brand_4,18,0.9473684210526315
13257211,19,2,Brand_4,18,0.9473684210526315
13604621,19,2,Brand_4,18,0.9473684210526315
25433271,20,2,Brand_4,19,0.95
714481,20,2,Brand_4,19,0.95
8576371,20,2,Brand_4,19,0.95
88850651,41,2,Brand_4,39,0.9512195121951219
88281821,21,2,Brand_4,20,0.9523809523809523
63791861,21,2,Brand_4,20,0.9523809523809523
3002981,21,2,Brand_4,20,0.9523809523809523
452831,21,2,Brand_4,20,0.9523809523809523
1752951,23,2,Brand_4,22,0.9565217391304348
5788741,24,2,Brand_4,23,0.9583333333333334
9563521,26,2,Brand_4,25,0.9615384615384616
90719081,27,2,Brand_4,26,0.9629629629629629
37450341,28,2,Brand_4,27,0.9642857142857143
2001311,30,2,Brand_4,29,0.9666666666666667
91303961,40,2,Brand_4,39,0.975
1926721,41,2,Brand_4,40,0.975609756097561
69775751,8,1,Brand_4,8,1.0
69693662,5,1,Brand_4,5,1.0
69506171,8,1,Brand_4,8,1.0
69828211,6,1,Brand_4,6,1.0
69829331,11,1,Brand_4,11,1.0
64462481,5,1,Brand_4,5,1.0
93609651,10,1,Brand_4,10,1.0
102435191,11,1,Brand_4,11,1.0
93684181,6,1,Brand_4,6,1.0
95660091,5,1,Brand_4,5,1.0
1010095469,5,1,Brand_4,5,1.0
64665671,5,1,Brand_4,5,1.0
69845441,9,1,Brand_4,9,1.0
64436751,8,1,Brand_4,8,1.0
1010095470,5,1,Brand_4,5,1.0
109477601,11,1,Brand_4,11,1.0
64373871,8,1,Brand_4,8,1.0
95765321,9,1,Brand_4,9,1.0
69853831,5,1,Brand_4,5,1.0
88516171,7,1,Brand_4,7,1.0
109978471,6,1,Brand_4,6,1.0
71583351,9,1,Brand_4,9,1.0
71617921,6,1,Brand_4,6,1.0
71623361,5,1,Brand_4,5,1.0
71656061,12,1,Brand_4,12,1.0
71817941,6,1,Brand_4,6,1.0
110383091,8,1,Brand_4,8,1.0
93284241,14,1,Brand_4,14,1.0
71954791,6,1,Brand_4,6,1.0
102166331,9,1,Brand_4,9,1.0
72148131,7,1,Brand_4,7,1.0
72159101,5,1,Brand_4,5,1.0
72208631,17,1,Brand_4,17,1.0
93278161,12,1,Brand_4,12,1.0
72232811,25,1,Brand_4,25,1.0
71994451,5,1,Brand_4,5,1.0
69865561,8,1,Brand_4,8,1.0
95765322,7,1,Brand_4,7,1.0
110245211,13,1,Brand_4,13,1.0
69899031,6,1,Brand_4,6,1.0
69932282,8,1,Brand_4,8,1.0
124316841,6,1,Brand_4,6,1.0
102376861,6,1,Brand_4,6,1.0
93559301,8,1,Brand_4,8,1.0
64312461,5,1,Brand_4,5,1.0
122878291,7,1,Brand_4,7,1.0
110001591,8,1,Brand_4,8,1.0
124235631,6,1,Brand_4,6,1.0
70211441,5,1,Brand_4,5,1.0
123638951,6,1,Brand_4,6,1.0
70312791,5,1,Brand_4,5,1.0
123163341,6,1,Brand_4,6,1.0
71432701,9,1,Brand_4,9,1.0
70015541,6,1,Brand_4,6,1.0
1010109230,5,1,Brand_4,5,1.0
94348101,8,1,Brand_4,8,1.0
93715991,11,1,Brand_4,11,1.0
103216862,9,1,Brand_4,9,1.0
47800481,6,1,Brand_4,6,1.0
104434181,8,1,Brand_4,8,1.0
1010231209,7,1,Brand_4,7,1.0
47826741,6,1,Brand_4,6,1.0
47839521,5,1,Brand_4,5,1.0
47783411,14,1,Brand_4,14,1.0
47847381,14,1,Brand_4,14,1.0
1010204599,12,1,Brand_4,12,1.0
1010193399,11,1,Brand_4,11,1.0
47995641,5,1,Brand_4,5,1.0
48377461,11,1,Brand_4,11,1.0
105857001,6,1,Brand_4,6,1.0
1010177020,11,1,Brand_4,11,1.0
94883591,5,1,Brand_4,5,1.0
48441161,5,1,Brand_4,5,1.0
94975481,14,1,Brand_4,14,1.0
95116981,7,1,Brand_4,7,1.0
46611101,10,1,Brand_4,10,1.0
46624631,5,1,Brand_4,5,1.0
46656821,11,1,Brand_4,11,1.0
46659841,6,1,Brand_4,6,1.0
103959001,13,1,Brand_4,13,1.0
95334821,6,1,Brand_4,6,1.0
106606051,10,1,Brand_4,10,1.0
103435521,5,1,Brand_4,5,1.0
95298201,14,1,Brand_4,14,1.0
46842081,6,1,Brand_4,6,1.0
1010247239,5,1,Brand_4,5,1.0
1010231210,13,1,Brand_4,13,1.0
47383151,6,1,Brand_4,6,1.0
47655961,10,1,Brand_4,10,1.0
95322251,8,1,Brand_4,8,1.0
63794461,5,1,Brand_4,5,1.0
48490111,8,1,Brand_4,8,1.0
48634981,6,1,Brand_4,6,1.0
58652971,7,1,Brand_4,7,1.0
58729031,7,1,Brand_4,7,1.0
60187481,8,1,Brand_4,8,1.0
107966841,12,1,Brand_4,12,1.0
102861911,5,1,Brand_4,5,1.0
63162211,8,1,Brand_4,8,1.0
1010117639,9,1,Brand_4,9,1.0
63207641,8,1,Brand_4,8,1.0
95655421,12,1,Brand_4,12,1.0
108177061,5,1,Brand_4,5,1.0
94338251,5,1,Brand_4,5,1.0
95658492,7,1,Brand_4,7,1.0
93776311,5,1,Brand_4,5,1.0
63794171,7,1,Brand_4,7,1.0
63462641,5,1,Brand_4,5,1.0
105773071,8,1,Brand_4,8,1.0
55025271,5,1,Brand_4,5,1.0
1010125009,9,1,Brand_4,9,1.0
48649611,6,1,Brand_4,6,1.0
48721281,13,1,Brand_4,13,1.0
94697021,9,1,Brand_4,9,1.0
94556811,8,1,Brand_4,8,1.0
48722561,8,1,Brand_4,8,1.0
1010171319,5,1,Brand_4,5,1.0
54915411,10,1,Brand_4,10,1.0
48722971,6,1,Brand_4,6,1.0
48768601,7,1,Brand_4,7,1.0
94513491,9,1,Brand_4,9,1.0
48827791,7,1,Brand_4,7,1.0
1010145760,7,1,Brand_4,7,1.0
54009681,6,1,Brand_4,6,1.0
54081511,7,1,Brand_4,7,1.0
107643432,5,1,Brand_4,5,1.0
93255082,5,1,Brand_4,5,1.0
72489212,13,1,Brand_4,13,1.0
105754801,5,1,Brand_4,5,1.0
89988012,11,1,Brand_4,11,1.0
89994271,7,1,Brand_4,7,1.0
114618711,5,1,Brand_4,5,1.0
100281981,8,1,Brand_4,8,1.0
86011561,6,1,Brand_4,6,1.0
85921731,5,1,Brand_4,5,1.0
115529221,6,1,Brand_4,6,1.0
85901171,7,1,Brand_4,7,1.0
85861171,6,1,Brand_4,6,1.0
85840631,7,1,Brand_4,7,1.0
85824892,5,1,Brand_4,5,1.0
85824891,16,1,Brand_4,16,1.0
85772021,7,1,Brand_4,7,1.0
85693501,15,1,Brand_4,15,1.0
85657981,12,1,Brand_4,12,1.0
85655331,5,1,Brand_4,5,1.0
90806081,5,1,Brand_4,5,1.0
114219301,5,1,Brand_4,5,1.0
84935331,5,1,Brand_4,5,1.0
85059841,19,1,Brand_4,19,1.0
85258591,8,1,Brand_4,8,1.0
91143791,10,1,Brand_4,10,1.0
85303711,6,1,Brand_4,6,1.0
89611121,7,1,Brand_4,7,1.0
85379641,5,1,Brand_4,5,1.0
85447661,7,1,Brand_4,7,1.0
90998681,5,1,Brand_4,5,1.0
90849461,13,1,Brand_4,13,1.0
85466781,20,1,Brand_4,20,1.0
114562941,6,1,Brand_4,6,1.0
85466782,17,1,Brand_4,17,1.0
116674901,6,1,Brand_4,6,1.0
84881871,13,1,Brand_4,13,1.0
114704331,17,1,Brand_4,17,1.0
115471981,5,1,Brand_4,5,1.0
114800542,10,1,Brand_4,10,1.0
88475321,10,1,Brand_4,10,1.0
88303602,17,1,Brand_4,17,1.0
88526641,8,1,Brand_4,8,1.0
88214251,10,1,Brand_4,10,1.0
88195321,5,1,Brand_4,5,1.0
88729711,6,1,Brand_4,6,1.0
87639431,5,1,Brand_4,5,1.0
88807221,11,1,Brand_4,11,1.0
87499911,7,1,Brand_4,7,1.0
87365591,5,1,Brand_4,5,1.0
87344371,5,1,Brand_4,5,1.0
87314942,21,1,Brand_4,21,1.0
87314941,11,1,Brand_4,11,1.0
88847171,6,1,Brand_4,6,1.0
87173341,7,1,Brand_4,7,1.0
87028201,6,1,Brand_4,6,1.0
86414371,5,1,Brand_4,5,1.0
89454721,10,1,Brand_4,10,1.0
115052361,8,1,Brand_4,8,1.0
100065661,6,1,Brand_4,6,1.0
86532421,5,1,Brand_4,5,1.0
86621641,7,1,Brand_4,7,1.0
86368431,15,1,Brand_4,15,1.0
86683322,5,1,Brand_4,5,1.0
86759052,10,1,Brand_4,10,1.0
86855841,10,1,Brand_4,10,1.0
114952032,9,1,Brand_4,9,1.0
89029372,15,1,Brand_4,15,1.0
88979601,5,1,Brand_4,5,1.0
46588431,7,1,Brand_4,7,1.0
86689671,5,1,Brand_4,5,1.0
72234301,7,1,Brand_4,7,1.0
100384891,5,1,Brand_4,5,1.0
91187251,6,1,Brand_4,6,1.0
74988721,12,1,Brand_4,12,1.0
74740931,10,1,Brand_4,10,1.0
74667211,6,1,Brand_4,6,1.0
74596512,5,1,Brand_4,5,1.0
110388832,9,1,Brand_4,9,1.0
74540671,6,1,Brand_4,6,1.0
74420251,8,1,Brand_4,8,1.0
74174421,10,1,Brand_4,10,1.0
74007521,6,1,Brand_4,6,1.0
121940041,15,1,Brand_4,15,1.0
73610621,5,1,Brand_4,5,1.0
73605101,6,1,Brand_4,6,1.0
92313411,8,1,Brand_4,8,1.0
92676052,11,1,Brand_4,11,1.0
92753471,6,1,Brand_4,6,1.0
122310831,5,1,Brand_4,5,1.0
122422721,5,1,Brand_4,5,1.0
102035501,6,1,Brand_4,6,1.0
72285221,7,1,Brand_4,7,1.0
72333451,5,1,Brand_4,5,1.0
101897021,5,1,Brand_4,5,1.0
92825581,16,1,Brand_4,16,1.0
72479302,7,1,Brand_4,7,1.0
91982141,5,1,Brand_4,5,1.0
101831302,6,1,Brand_4,6,1.0
72811091,7,1,Brand_4,7,1.0
72844621,9,1,Brand_4,9,1.0
92765421,6,1,Brand_4,6,1.0
73182051,6,1,Brand_4,6,1.0
73311231,8,1,Brand_4,8,1.0
101712831,10,1,Brand_4,10,1.0
92787021,7,1,Brand_4,7,1.0
100559471,5,1,Brand_4,5,1.0
101357491,7,1,Brand_4,7,1.0
75090951,7,1,Brand_4,7,1.0
84721741,6,1,Brand_4,6,1.0
84689591,10,1,Brand_4,10,1.0
84632071,5,1,Brand_4,5,1.0
117189541,5,1,Brand_4,5,1.0
117342131,7,1,Brand_4,7,1.0
114154731,6,1,Brand_4,6,1.0
118758601,8,1,Brand_4,8,1.0
84576401,5,1,Brand_4,5,1.0
84437911,16,1,Brand_4,16,1.0
84369791,5,1,Brand_4,5,1.0
78170411,5,1,Brand_4,5,1.0
95982931,5,1,Brand_4,5,1.0
113620101,5,1,Brand_4,5,1.0
106130841,8,1,Brand_4,8,1.0
91432601,5,1,Brand_4,5,1.0
105732511,5,1,Brand_4,5,1.0
76817951,5,1,Brand_4,5,1.0
75171911,5,1,Brand_4,5,1.0
112124571,7,1,Brand_4,7,1.0
101240851,15,1,Brand_4,15,1.0
75174601,16,1,Brand_4,16,1.0
75412271,6,1,Brand_4,6,1.0
101078531,8,1,Brand_4,8,1.0
121855261,5,1,Brand_4,5,1.0
100821141,5,1,Brand_4,5,1.0
120493721,6,1,Brand_4,6,1.0
75546601,5,1,Brand_4,5,1.0
75619221,7,1,Brand_4,7,1.0
75840721,6,1,Brand_4,6,1.0
95955761,6,1,Brand_4,6,1.0
112124572,7,1,Brand_4,7,1.0
75464411,7,1,Brand_4,7,1.0
103538931,9,1,Brand_4,9,1.0
27291281,36,1,Brand_4,36,1.0
46393801,6,1,Brand_4,6,1.0
6045201,6,1,Brand_4,6,1.0
6133951,18,1,Brand_4,18,1.0
6189301,15,1,Brand_4,15,1.0
6295211,7,1,Brand_4,7,1.0
6351701,7,1,Brand_4,7,1.0
6382701,7,1,Brand_4,7,1.0
6504851,7,1,Brand_4,7,1.0
6508532,7,1,Brand_4,7,1.0
6800921,7,1,Brand_4,7,1.0
6883061,5,1,Brand_4,5,1.0
6975641,6,1,Brand_4,6,1.0
7059671,6,1,Brand_4,6,1.0
7097761,22,1,Brand_4,22,1.0
7284761,8,1,Brand_4,8,1.0
7383011,5,1,Brand_4,5,1.0
7637751,5,1,Brand_4,5,1.0
7806721,5,1,Brand_4,5,1.0
7810323,7,1,Brand_4,7,1.0
8197321,9,1,Brand_4,9,1.0
8209991,8,1,Brand_4,8,1.0
8241151,9,1,Brand_4,9,1.0
6006691,15,1,Brand_4,15,1.0
5998821,7,1,Brand_4,7,1.0
5945291,7,1,Brand_4,7,1.0
5857321,12,1,Brand_4,12,1.0
4283313,6,1,Brand_4,6,1.0
4439581,10,1,Brand_4,10,1.0
4540941,5,1,Brand_4,5,1.0
4542361,5,1,Brand_4,5,1.0
4551561,8,1,Brand_4,8,1.0
4561851,6,1,Brand_4,6,1.0
4608451,5,1,Brand_4,5,1.0
4741921,5,1,Brand_4,5,1.0
4750791,6,1,Brand_4,6,1.0
4755151,5,1,Brand_4,5,1.0
8329251,8,1,Brand_4,8,1.0
4928341,6,1,Brand_4,6,1.0
5020511,16,1,Brand_4,16,1.0
5132481,5,1,Brand_4,5,1.0
5152641,5,1,Brand_4,5,1.0
5370281,10,1,Brand_4,10,1.0
5481761,14,1,Brand_4,14,1.0
5511631,15,1,Brand_4,15,1.0
5685831,5,1,Brand_4,5,1.0
5782721,17,1,Brand_4,17,1.0
5784553,8,1,Brand_4,8,1.0
5836081,6,1,Brand_4,6,1.0
4960591,8,1,Brand_4,8,1.0
8585571,5,1,Brand_4,5,1.0
8742811,9,1,Brand_4,9,1.0
8883471,6,1,Brand_4,6,1.0
11224371,5,1,Brand_4,5,1.0
11241801,5,1,Brand_4,5,1.0
11270161,6,1,Brand_4,6,1.0
11552951,6,1,Brand_4,6,1.0
11746631,7,1,Brand_4,7,1.0
11766692,8,1,Brand_4,8,1.0
12062565,9,1,Brand_4,9,1.0
12104011,6,1,Brand_4,6,1.0
12290111,5,1,Brand_4,5,1.0
12312031,5,1,Brand_4,5,1.0
11204101,5,1,Brand_4,5,1.0
12427921,5,1,Brand_4,5,1.0
12762801,6,1,Brand_4,6,1.0
12781251,5,1,Brand_4,5,1.0
13038901,13,1,Brand_4,13,1.0
13058382,5,1,Brand_4,5,1.0
13079611,9,1,Brand_4,9,1.0
13084021,5,1,Brand_4,5,1.0
13090231,22,1,Brand_4,22,1.0
13097671,7,1,Brand_4,7,1.0
13127451,10,1,Brand_4,10,1.0
13158791,5,1,Brand_4,5,1.0
12481641,10,1,Brand_4,10,1.0
4277872,10,1,Brand_4,10,1.0
11098751,19,1,Brand_4,19,1.0
11038271,7,1,Brand_4,7,1.0
8921591,12,1,Brand_4,12,1.0
9023091,7,1,Brand_4,7,1.0
9024031,5,1,Brand_4,5,1.0
9029491,6,1,Brand_4,6,1.0
9289001,13,1,Brand_4,13,1.0
9444331,11,1,Brand_4,11,1.0
9537321,8,1,Brand_4,8,1.0
9811711,9,1,Brand_4,9,1.0
9835801,7,1,Brand_4,7,1.0
9878891,5,1,Brand_4,5,1.0
11086301,5,1,Brand_4,5,1.0
9999761,5,1,Brand_4,5,1.0
10214771,8,1,Brand_4,8,1.0
10232711,5,1,Brand_4,5,1.0
10232712,5,1,Brand_4,5,1.0
10233791,20,1,Brand_4,20,1.0
10328491,7,1,Brand_4,7,1.0
10409961,9,1,Brand_4,9,1.0
10472461,12,1,Brand_4,12,1.0
10520661,10,1,Brand_4,10,1.0
10649411,10,1,Brand_4,10,1.0
10831341,7,1,Brand_4,7,1.0
10207011,7,1,Brand_4,7,1.0
4228201,5,1,Brand_4,5,1.0
4092462,10,1,Brand_4,10,1.0
4065361,5,1,Brand_4,5,1.0
929731,16,1,Brand_4,16,1.0
937561,7,1,Brand_4,7,1.0
938701,9,1,Brand_4,9,1.0
957501,5,1,Brand_4,5,1.0
969671,10,1,Brand_4,10,1.0
980751,12,1,Brand_4,12,1.0
1007921,8,1,Brand_4,8,1.0
1100151,5,1,Brand_4,5,1.0
1210782,7,1,Brand_4,7,1.0
1223611,6,1,Brand_4,6,1.0
923421,7,1,Brand_4,7,1.0
1471411,11,1,Brand_4,11,1.0
1500851,18,1,Brand_4,18,1.0
1510622,6,1,Brand_4,6,1.0
1541521,17,1,Brand_4,17,1.0
1570591,9,1,Brand_4,9,1.0
1597021,7,1,Brand_4,7,1.0
1673711,9,1,Brand_4,9,1.0
1684601,11,1,Brand_4,11,1.0
1774731,5,1,Brand_4,5,1.0
1787541,19,1,Brand_4,19,1.0
1811711,5,1,Brand_4,5,1.0
1498901,5,1,Brand_4,5,1.0
1815601,5,1,Brand_4,5,1.0
902382,5,1,Brand_4,5,1.0
897422,10,1,Brand_4,10,1.0
86281,14,1,Brand_4,14,1.0
94961,6,1,Brand_4,6,1.0
132061,9,1,Brand_4,9,1.0
134281,6,1,Brand_4,6,1.0
157311,12,1,Brand_4,12,1.0
162221,22,1,Brand_4,22,1.0
185841,5,1,Brand_4,5,1.0
235341,19,1,Brand_4,19,1.0
292251,13,1,Brand_4,13,1.0
296021,6,1,Brand_4,6,1.0
902381,8,1,Brand_4,8,1.0
328651,6,1,Brand_4,6,1.0
547291,5,1,Brand_4,5,1.0
566811,5,1,Brand_4,5,1.0
584711,15,1,Brand_4,15,1.0
712221,5,1,Brand_4,5,1.0
741671,10,1,Brand_4,10,1.0
772381,5,1,Brand_4,5,1.0
814322,8,1,Brand_4,8,1.0
829971,6,1,Brand_4,6,1.0
854321,10,1,Brand_4,10,1.0
886551,8,1,Brand_4,8,1.0
382022,10,1,Brand_4,10,1.0
13170061,10,1,Brand_4,10,1.0
1849521,5,1,Brand_4,5,1.0
1920151,12,1,Brand_4,12,1.0
2793991,8,1,Brand_4,8,1.0
2807961,5,1,Brand_4,5,1.0
2827481,6,1,Brand_4,6,1.0
2827682,7,1,Brand_4,7,1.0
2832781,8,1,Brand_4,8,1.0
2899401,6,1,Brand_4,6,1.0
2914991,10,1,Brand_4,10,1.0
2950761,13,1,Brand_4,13,1.0
2977753,6,1,Brand_4,6,1.0
3030721,8,1,Brand_4,8,1.0
2790941,5,1,Brand_4,5,1.0
3046541,9,1,Brand_4,9,1.0
3065801,7,1,Brand_4,7,1.0
3091681,6,1,Brand_4,6,1.0
3144071,12,1,Brand_4,12,1.0
3214571,6,1,Brand_4,6,1.0
3243121,5,1,Brand_4,5,1.0
3364961,5,1,Brand_4,5,1.0
3604241,6,1,Brand_4,6,1.0
3766301,10,1,Brand_4,10,1.0
3838111,9,1,Brand_4,9,1.0
3883231,5,1,Brand_4,5,1.0
3063731,13,1,Brand_4,13,1.0
1865501,11,1,Brand_4,11,1.0
2696552,5,1,Brand_4,5,1.0
2427671,7,1,Brand_4,7,1.0
1920152,5,1,Brand_4,5,1.0
1961151,6,1,Brand_4,6,1.0
2014871,17,1,Brand_4,17,1.0
2029581,7,1,Brand_4,7,1.0
2079591,5,1,Brand_4,5,1.0
2095691,5,1,Brand_4,5,1.0
2097281,15,1,Brand_4,15,1.0
2162731,13,1,Brand_4,13,1.0
2173341,8,1,Brand_4,8,1.0
2174471,5,1,Brand_4,5,1.0
2447941,6,1,Brand_4,6,1.0
2194061,5,1,Brand_4,5,1.0
2203792,6,1,Brand_4,6,1.0
2212081,5,1,Brand_4,5,1.0
2214621,13,1,Brand_4,13,1.0
2233661,10,1,Brand_4,10,1.0
2238021,6,1,Brand_4,6,1.0
2241701,8,1,Brand_4,8,1.0
2295622,7,1,Brand_4,7,1.0
2310921,7,1,Brand_4,7,1.0
2342321,13,1,Brand_4,13,1.0
2389261,5,1,Brand_4,5,1.0
2203511,5,1,Brand_4,5,1.0
46474541,8,1,Brand_4,8,1.0
13345111,5,1,Brand_4,5,1.0
13398901,5,1,Brand_4,5,1.0
27594911,5,1,Brand_4,5,1.0
27647721,6,1,Brand_4,6,1.0
27677951,10,1,Brand_4,10,1.0
28325781,6,1,Brand_4,6,1.0
28425111,5,1,Brand_4,5,1.0
28487741,7,1,Brand_4,7,1.0
28826641,12,1,Brand_4,12,1.0
28840461,6,1,Brand_4,6,1.0
28840641,5,1,Brand_4,5,1.0
28843121,5,1,Brand_4,5,1.0
28846671,6,1,Brand_4,6,1.0
28945981,5,1,Brand_4,5,1.0
29005531,6,1,Brand_4,6,1.0
29038061,9,1,Brand_4,9,1.0
29691411,10,1,Brand_4,10,1.0
29735281,5,1,Brand_4,5,1.0
29968701,12,1,Brand_4,12,1.0
29971771,5,1,Brand_4,5,1.0
30007991,7,1,Brand_4,7,1.0
30027101,6,1,Brand_4,6,1.0
30096311,6,1,Brand_4,6,1.0
27590721,9,1,Brand_4,9,1.0
27485901,15,1,Brand_4,15,1.0
27472311,7,1,Brand_4,7,1.0
27415431,8,1,Brand_4,8,1.0
24500731,5,1,Brand_4,5,1.0
24516731,9,1,Brand_4,9,1.0
24734881,9,1,Brand_4,9,1.0
24981541,9,1,Brand_4,9,1.0
25114631,10,1,Brand_4,10,1.0
25194123,6,1,Brand_4,6,1.0
25267461,8,1,Brand_4,8,1.0
25302191,6,1,Brand_4,6,1.0
25302471,5,1,Brand_4,5,1.0
25443791,9,1,Brand_4,9,1.0
30181901,10,1,Brand_4,10,1.0
25543171,8,1,Brand_4,8,1.0
25897471,7,1,Brand_4,7,1.0
26060371,8,1,Brand_4,8,1.0
26235021,5,1,Brand_4,5,1.0
26929471,5,1,Brand_4,5,1.0
27046101,7,1,Brand_4,7,1.0
27146122,7,1,Brand_4,7,1.0
27181111,5,1,Brand_4,5,1.0
1010274559,5,1,Brand_4,5,1.0
27293531,8,1,Brand_4,8,1.0
27387501,7,1,Brand_4,7,1.0
25850511,16,1,Brand_4,16,1.0
30281311,11,1,Brand_4,11,1.0
30354881,5,1,Brand_4,5,1.0
30388961,6,1,Brand_4,6,1.0
37871761,7,1,Brand_4,7,1.0
38428881,5,1,Brand_4,5,1.0
38450591,24,1,Brand_4,24,1.0
38450592,6,1,Brand_4,6,1.0
38510241,6,1,Brand_4,6,1.0
39454541,7,1,Brand_4,7,1.0
40084351,5,1,Brand_4,5,1.0
40303001,5,1,Brand_4,5,1.0
43243271,6,1,Brand_4,6,1.0
45218861,5,1,Brand_4,5,1.0
37724101,8,1,Brand_4,8,1.0
45443381,10,1,Brand_4,10,1.0
45643591,6,1,Brand_4,6,1.0
45705641,6,1,Brand_4,6,1.0
45722331,12,1,Brand_4,12,1.0
45740701,5,1,Brand_4,5,1.0
46046061,8,1,Brand_4,8,1.0
46148671,10,1,Brand_4,10,1.0
46157232,5,1,Brand_4,5,1.0
46172411,7,1,Brand_4,7,1.0
46176781,11,1,Brand_4,11,1.0
46364051,5,1,Brand_4,5,1.0
45492171,5,1,Brand_4,5,1.0
24459581,14,1,Brand_4,14,1.0
37697741,11,1,Brand_4,11,1.0
37562131,6,1,Brand_4,6,1.0
30392691,6,1,Brand_4,6,1.0
30403191,5,1,Brand_4,5,1.0
30554621,19,1,Brand_4,19,1.0
30554841,7,1,Brand_4,7,1.0
30696381,10,1,Brand_4,10,1.0
31124331,7,1,Brand_4,7,1.0
31467541,16,1,Brand_4,16,1.0
31709071,17,1,Brand_4,17,1.0
31811621,9,1,Brand_4,9,1.0
32015911,5,1,Brand_4,5,1.0
37618961,7,1,Brand_4,7,1.0
32421991,10,1,Brand_4,10,1.0
35365141,7,1,Brand_4,7,1.0
35572671,7,1,Brand_4,7,1.0
35726611,6,1,Brand_4,6,1.0
36790021,7,1,Brand_4,7,1.0
36877331,13,1,Brand_4,13,1.0
36879701,16,1,Brand_4,16,1.0
36981862,11,1,Brand_4,11,1.0
37082981,15,1,Brand_4,15,1.0
37317881,7,1,Brand_4,7,1.0
37535971,7,1,Brand_4,7,1.0
33180071,5,1,Brand_4,5,1.0
24377591,6,1,Brand_4,6,1.0
24247171,5,1,Brand_4,5,1.0
24199081,6,1,Brand_4,6,1.0
15059051,17,1,Brand_4,17,1.0
15322581,18,1,Brand_4,18,1.0
15386341,9,1,Brand_4,9,1.0
15439191,6,1,Brand_4,6,1.0
15478121,5,1,Brand_4,5,1.0
15490601,7,1,Brand_4,7,1.0
15698151,17,1,Brand_4,17,1.0
15840481,8,1,Brand_4,8,1.0
16262151,9,1,Brand_4,9,1.0
16345501,6,1,Brand_4,6,1.0
15039181,19,1,Brand_4,19,1.0
16468741,6,1,Brand_4,6,1.0
16576641,14,1,Brand_4,14,1.0
16761261,10,1,Brand_4,10,1.0
17102212,5,1,Brand_4,5,1.0
17105351,6,1,Brand_4,6,1.0
17390161,7,1,Brand_4,7,1.0
17486291,14,1,Brand_4,14,1.0
17502631,6,1,Brand_4,6,1.0
17616821,5,1,Brand_4,5,1.0
17717122,10,1,Brand_4,10,1.0
17729801,5,1,Brand_4,5,1.0
16567221,16,1,Brand_4,16,1.0
17826291,14,1,Brand_4,14,1.0
15032901,8,1,Brand_4,8,1.0
14789061,9,1,Brand_4,9,1.0
13401011,6,1,Brand_4,6,1.0
13435371,17,1,Brand_4,17,1.0
13513121,7,1,Brand_4,7,1.0
13513261,12,1,Brand_4,12,1.0
13593231,5,1,Brand_4,5,1.0
13601741,7,1,Brand_4,7,1.0
13708011,18,1,Brand_4,18,1.0
13814721,5,1,Brand_4,5,1.0
13816181,12,1,Brand_4,12,1.0
13826421,8,1,Brand_4,8,1.0
14847541,21,1,Brand_4,21,1.0
13838141,9,1,Brand_4,9,1.0
13861891,13,1,Brand_4,13,1.0
13871151,5,1,Brand_4,5,1.0
13903311,5,1,Brand_4,5,1.0
13965521,5,1,Brand_4,5,1.0
14034201,18,1,Brand_4,18,1.0
14218021,15,1,Brand_4,15,1.0
14218022,6,1,Brand_4,6,1.0
14390431,9,1,Brand_4,9,1.0
14469051,24,1,Brand_4,24,1.0
14487401,13,1,Brand_4,13,1.0
13851131,18,1,Brand_4,18,1.0
13376972,5,1,Brand_4,5,1.0
18206571,5,1,Brand_4,5,1.0
18389151,9,1,Brand_4,9,1.0
20900871,21,1,Brand_4,21,1.0
21019691,15,1,Brand_4,15,1.0
21313921,13,1,Brand_4,13,1.0
21559341,8,1,Brand_4,8,1.0
21966701,6,1,Brand_4,6,1.0
21976341,5,1,Brand_4,5,1.0
21989602,11,1,Brand_4,11,1.0
22389962,8,1,Brand_4,8,1.0
22402683,11,1,Brand_4,11,1.0
22568151,7,1,Brand_4,7,1.0
20835112,27,1,Brand_4,27,1.0
22596151,6,1,Brand_4,6,1.0
22759512,5,1,Brand_4,5,1.0
22813151,5,1,Brand_4,5,1.0
23173271,13,1,Brand_4,13,1.0
23401342,14,1,Brand_4,14,1.0
23780672,5,1,Brand_4,5,1.0
23850411,5,1,Brand_4,5,1.0
23996081,7,1,Brand_4,7,1.0
24065111,5,1,Brand_4,5,1.0
24082721,9,1,Brand_4,9,1.0
24183451,7,1,Brand_4,7,1.0
22638492,6,1,Brand_4,6,1.0
18247642,5,1,Brand_4,5,1.0
20677931,6,1,Brand_4,6,1.0
20559922,10,1,Brand_4,10,1.0
18476431,21,1,Brand_4,21,1.0
18757671,6,1,Brand_4,6,1.0
18953361,10,1,Brand_4,10,1.0
18968681,5,1,Brand_4,5,1.0
19240471,9,1,Brand_4,9,1.0
19317282,55,1,Brand_4,55,1.0
19369501,5,1,Brand_4,5,1.0
19751801,7,1,Brand_4,7,1.0
19755151,5,1,Brand_4,5,1.0
19755152,14,1,Brand_4,14,1.0
20632171,10,1,Brand_4,10,1.0
19758002,5,1,Brand_4,5,1.0
19777581,5,1,Brand_4,5,1.0
19833823,6,1,Brand_4,6,1.0
19860061,5,1,Brand_4,5,1.0
19876021,14,1,Brand_4,14,1.0
19966061,12,1,Brand_4,12,1.0
20026631,7,1,Brand_4,7,1.0
20056541,11,1,Brand_4,11,1.0
20145291,5,1,Brand_4,5,1.0
20351101,5,1,Brand_4,5,1.0
20358031,7,1,Brand_4,7,1.0
19776171,5,1,Brand_4,5,1.0
1408767189,5,1,Brand_4,5,1.0
