user_id,purchases,unique_brands,lovely_brand_name,lovely_brand_purchases,loyalty_score
77010361,26,2,Brand_1,21,0.8076923076923077
9012243,32,2,Brand_1,26,0.8125
8559541,11,3,Brand_1,9,0.8181818181818182
638262,11,3,Brand_1,9,0.8181818181818182
87272102,11,2,Brand_1,9,0.8181818181818182
90087841,11,2,Brand_1,9,0.8181818181818182
9829711,6,2,Brand_1,5,0.8333333333333334
10259801,6,2,Brand_1,5,0.8333333333333334
52694871,6,2,Brand_1,5,0.8333333333333334
101359851,6,2,Brand_1,5,0.8333333333333334
93279882,12,2,Brand_1,10,0.8333333333333334
14560751,6,2,Brand_1,5,0.8333333333333334
91886191,6,2,Brand_1,5,0.8333333333333334
13485461,6,2,Brand_1,5,0.8333333333333334
16597701,6,2,Brand_1,5,0.8333333333333334
52707021,6,2,Brand_1,5,0.8333333333333334
107076911,18,2,Brand_1,15,0.8333333333333334
24088031,6,2,Brand_1,5,0.8333333333333334
29070061,6,2,Brand_1,5,0.8333333333333334
12997661,6,2,Brand_1,5,0.8333333333333334
13033061,12,2,Brand_1,10,0.8333333333333334
28873151,6,2,Brand_1,5,0.8333333333333334
624831,6,2,Brand_1,5,0.8333333333333334
112362521,6,2,Brand_1,5,0.8333333333333334
90643151,6,2,Brand_1,5,0.8333333333333334
114077671,6,2,Brand_1,5,0.8333333333333334
85761031,6,2,Brand_1,5,0.8333333333333334
120163381,6,2,Brand_1,5,0.8333333333333334
7997121,12,2,Brand_1,10,0.8333333333333334
87376131,6,2,Brand_1,5,0.8333333333333334
30108551,6,2,Brand_1,5,0.8333333333333334
18870521,13,2,Brand_1,11,0.8461538461538461
69528151,26,3,Brand_1,22,0.8461538461538461
23440561,47,4,Brand_1,40,0.851063829787234
1479771,7,2,Brand_1,6,0.8571428571428571
25696792,7,2,Brand_1,6,0.8571428571428571
37179301,7,2,Brand_1,6,0.8571428571428571
106449761,7,2,Brand_1,6,0.8571428571428571
110361581,14,2,Brand_1,12,0.8571428571428571
22477771,7,2,Brand_1,6,0.8571428571428571
2557481,7,2,Brand_1,6,0.8571428571428571
90233271,14,2,Brand_1,12,0.8571428571428571
101049891,7,2,Brand_1,6,0.8571428571428571
7452451,7,2,Brand_1,6,0.8571428571428571
29093471,37,2,Brand_1,32,0.8648648648648649
108159211,15,3,Brand_1,13,0.8666666666666667
15568631,30,2,Brand_1,26,0.8666666666666667
22068591,8,2,Brand_1,7,0.875
45643741,8,2,Brand_1,7,0.875
23235111,8,2,Brand_1,7,0.875
23858362,8,2,Brand_1,7,0.875
85824072,8,2,Brand_1,7,0.875
64753591,8,2,Brand_1,7,0.875
38245672,8,2,Brand_1,7,0.875
26399511,8,2,Brand_1,7,0.875
2381751,24,2,Brand_1,21,0.875
106693501,9,2,Brand_1,8,0.8888888888888888
24824151,9,2,Brand_1,8,0.8888888888888888
18873891,9,2,Brand_1,8,0.8888888888888888
109895881,9,2,Brand_1,8,0.8888888888888888
1299431,9,2,Brand_1,8,0.8888888888888888
87337671,9,2,Brand_1,8,0.8888888888888888
122903111,9,2,Brand_1,8,0.8888888888888888
28770801,9,2,Brand_1,8,0.8888888888888888
28440751,10,2,Brand_1,9,0.9
118694731,11,2,Brand_1,10,0.9090909090909091
11410203,23,2,Brand_1,21,0.9130434782608695
39330401,14,2,Brand_1,13,0.9285714285714286
69211652,17,2,Brand_1,16,0.9411764705882353
87219871,17,2,Brand_1,16,0.9411764705882353
35570231,18,2,Brand_1,17,0.9444444444444444
288772,23,2,Brand_1,22,0.9565217391304348
86668961,34,2,Brand_1,33,0.9705882352941176
121698831,6,1,Brand_1,6,1.0
120483161,6,1,Brand_1,6,1.0
120108851,5,1,Brand_1,5,1.0
87362461,5,1,Brand_1,5,1.0
115184752,14,1,Brand_1,14,1.0
87380342,5,1,Brand_1,5,1.0
87905781,5,1,Brand_1,5,1.0
88311802,11,1,Brand_1,11,1.0
89662621,6,1,Brand_1,6,1.0
114980261,6,1,Brand_1,6,1.0
100966221,10,1,Brand_1,10,1.0
114340911,5,1,Brand_1,5,1.0
114032381,5,1,Brand_1,5,1.0
110187661,10,1,Brand_1,10,1.0
109860851,8,1,Brand_1,8,1.0
109546591,5,1,Brand_1,5,1.0
109120221,8,1,Brand_1,8,1.0
106435131,7,1,Brand_1,7,1.0
105721051,5,1,Brand_1,5,1.0
105490771,15,1,Brand_1,15,1.0
94159761,10,1,Brand_1,10,1.0
101215991,6,1,Brand_1,6,1.0
114703221,8,1,Brand_1,8,1.0
90029381,7,1,Brand_1,7,1.0
48648581,5,1,Brand_1,5,1.0
86993661,5,1,Brand_1,5,1.0
21645601,7,1,Brand_1,7,1.0
21239213,6,1,Brand_1,6,1.0
14647551,5,1,Brand_1,5,1.0
13460111,5,1,Brand_1,5,1.0
11713231,5,1,Brand_1,5,1.0
11193331,20,1,Brand_1,20,1.0
8852431,8,1,Brand_1,8,1.0
6273941,9,1,Brand_1,9,1.0
5266281,6,1,Brand_1,6,1.0
22539522,14,1,Brand_1,14,1.0
4606041,5,1,Brand_1,5,1.0
2017811,5,1,Brand_1,5,1.0
1671871,5,1,Brand_1,5,1.0
1576621,7,1,Brand_1,7,1.0
1001521,9,1,Brand_1,9,1.0
969361,5,1,Brand_1,5,1.0
955731,15,1,Brand_1,15,1.0
873751,6,1,Brand_1,6,1.0
699761,5,1,Brand_1,5,1.0
517421,6,1,Brand_1,6,1.0
2375331,9,1,Brand_1,9,1.0
87016301,6,1,Brand_1,6,1.0
23882411,9,1,Brand_1,9,1.0
26911721,13,1,Brand_1,13,1.0
85639151,5,1,Brand_1,5,1.0
85347001,5,1,Brand_1,5,1.0
84815202,5,1,Brand_1,5,1.0
84689331,12,1,Brand_1,12,1.0
84616111,7,1,Brand_1,7,1.0
84607981,6,1,Brand_1,6,1.0
77750432,7,1,Brand_1,7,1.0
76976041,6,1,Brand_1,6,1.0
75192611,19,1,Brand_1,19,1.0
24792752,14,1,Brand_1,14,1.0
74776711,12,1,Brand_1,12,1.0
52281101,12,1,Brand_1,12,1.0
48955901,5,1,Brand_1,5,1.0
122921251,5,1,Brand_1,5,1.0
45112791,6,1,Brand_1,6,1.0
44308971,6,1,Brand_1,6,1.0
29546771,5,1,Brand_1,5,1.0
29375011,9,1,Brand_1,9,1.0
29129241,6,1,Brand_1,6,1.0
29099451,18,1,Brand_1,18,1.0
73980981,5,1,Brand_1,5,1.0
1110091379,5,1,Brand_1,5,1.0
