user_id,purchases,unique_brands,lovely_brand_name,lovely_brand_purchases,loyalty_score
13169401,11,2,Store_Brand,9,0.8181818181818182
86312471,22,4,Store_Brand,18,0.8181818181818182
28267032,11,2,Store_Brand,9,0.8181818181818182
37635181,11,2,Store_Brand,9,0.8181818181818182
1657111,17,3,Store_Brand,14,0.8235294117647058
72240181,12,2,Store_Brand,10,0.8333333333333334
2169342,6,2,Store_Brand,5,0.8333333333333334
47967731,6,2,Store_Brand,5,0.8333333333333334
43001501,6,2,Store_Brand,5,0.8333333333333334
37739381,6,2,Store_Brand,5,0.8333333333333334
1031,6,2,Store_Brand,5,0.8333333333333334
35414281,6,2,Store_Brand,5,0.8333333333333334
20039632,12,2,Store_Brand,10,0.8333333333333334
19735882,12,2,Store_Brand,10,0.8333333333333334
19557761,6,2,Store_Brand,5,0.8333333333333334
3362823,6,2,Store_Brand,5,0.8333333333333334
10249651,18,3,Store_Brand,15,0.8333333333333334
73312361,12,3,Store_Brand,10,0.8333333333333334
2632401,12,2,Store_Brand,10,0.8333333333333334
69471821,6,2,Store_Brand,5,0.8333333333333334
5538851,6,2,Store_Brand,5,0.8333333333333334
1010112289,6,2,Store_Brand,5,0.8333333333333334
1447681,6,2,Store_Brand,5,0.8333333333333334
1010140229,6,2,Store_Brand,5,0.8333333333333334
102556421,6,2,Store_Brand,5,0.8333333333333334
94210352,6,2,Store_Brand,5,0.8333333333333334
1010103449,6,2,Store_Brand,5,0.8333333333333334
88764462,6,2,Store_Brand,5,0.8333333333333334
88840851,6,2,Store_Brand,5,0.8333333333333334
84413521,6,2,Store_Brand,5,0.8333333333333334
77001911,6,2,Store_Brand,5,0.8333333333333334
1010181619,6,2,Store_Brand,5,0.8333333333333334
1010077630,6,2,Store_Brand,5,0.8333333333333334
10222791,13,3,Store_Brand,11,0.8461538461538461
5688821,13,2,Store_Brand,11,0.8461538461538461
69879921,13,3,Store_Brand,11,0.8461538461538461
6756831,13,3,Store_Brand,11,0.8461538461538461
12777921,20,2,Store_Brand,17,0.85
9859411,7,2,Store_Brand,6,0.8571428571428571
14174621,7,2,Store_Brand,6,0.8571428571428571
19451901,7,2,Store_Brand,6,0.8571428571428571
75299491,7,2,Store_Brand,6,0.8571428571428571
23615672,7,2,Store_Brand,6,0.8571428571428571
109795111,7,2,Store_Brand,6,0.8571428571428571
106767321,14,2,Store_Brand,12,0.8571428571428571
37197901,7,2,Store_Brand,6,0.8571428571428571
103064031,14,3,Store_Brand,12,0.8571428571428571
64257601,7,2,Store_Brand,6,0.8571428571428571
87884301,7,2,Store_Brand,6,0.8571428571428571
78271861,7,2,Store_Brand,6,0.8571428571428571
75200381,7,2,Store_Brand,6,0.8571428571428571
115054051,7,2,Store_Brand,6,0.8571428571428571
30592451,7,2,Store_Brand,6,0.8571428571428571
37420191,7,2,Store_Brand,6,0.8571428571428571
4307571,7,2,Store_Brand,6,0.8571428571428571
3118851,7,2,Store_Brand,6,0.8571428571428571
73956701,15,2,Store_Brand,13,0.8666666666666667
1114291,8,2,Store_Brand,7,0.875
1176341,8,2,Store_Brand,7,0.875
13791651,8,2,Store_Brand,7,0.875
72768901,8,2,Store_Brand,7,0.875
88715571,8,2,Store_Brand,7,0.875
24003361,8,2,Store_Brand,7,0.875
12587891,8,2,Store_Brand,7,0.875
579181,8,2,Store_Brand,7,0.875
74662181,8,2,Store_Brand,7,0.875
3491881,8,2,Store_Brand,7,0.875
7761281,8,2,Store_Brand,7,0.875
95075561,8,2,Store_Brand,7,0.875
5477021,8,2,Store_Brand,7,0.875
100221271,8,2,Store_Brand,7,0.875
72246771,17,2,Store_Brand,15,0.8823529411764706
19740321,34,3,Store_Brand,30,0.8823529411764706
74409761,9,2,Store_Brand,8,0.8888888888888888
71791311,9,2,Store_Brand,8,0.8888888888888888
15374521,27,2,Store_Brand,24,0.8888888888888888
1522421,9,2,Store_Brand,8,0.8888888888888888
14006071,9,2,Store_Brand,8,0.8888888888888888
106088331,10,2,Store_Brand,9,0.9
24059082,10,2,Store_Brand,9,0.9
2236901,10,2,Store_Brand,9,0.9
13734371,10,2,Store_Brand,9,0.9
48204421,10,2,Store_Brand,9,0.9
100947091,10,2,Store_Brand,9,0.9
93112751,10,2,Store_Brand,9,0.9
86890981,10,2,Store_Brand,9,0.9
2540781,10,2,Store_Brand,9,0.9
114302821,10,2,Store_Brand,9,0.9
115279791,10,2,Store_Brand,9,0.9
47789542,21,2,Store_Brand,19,0.9047619047619048
58665301,21,2,Store_Brand,19,0.9047619047619048
86712232,11,2,Store_Brand,10,0.9090909090909091
69484261,11,2,Store_Brand,10,0.9090909090909091
88032151,11,2,Store_Brand,10,0.9090909090909091
13818451,11,2,Store_Brand,10,0.9090909090909091
13170571,11,2,Store_Brand,10,0.9090909090909091
89044051,11,2,Store_Brand,10,0.9090909090909091
78786551,11,2,Store_Brand,10,0.9090909090909091
372622,33,2,Store_Brand,30,0.9090909090909091
147181,11,2,Store_Brand,10,0.9090909090909091
8512921,11,2,Store_Brand,10,0.9090909090909091
23747991,11,2,Store_Brand,10,0.9090909090909091
113215241,11,2,Store_Brand,10,0.9090909090909091
798111,12,2,Store_Brand,11,0.9166666666666666
19771481,12,2,Store_Brand,11,0.9166666666666666
72710351,24,2,Store_Brand,22,0.9166666666666666
16476931,12,2,Store_Brand,11,0.9166666666666666
47891541,13,2,Store_Brand,12,0.9230769230769231
122643161,13,2,Store_Brand,12,0.9230769230769231
4842451,14,2,Store_Brand,13,0.9285714285714286
87322871,14,2,Store_Brand,13,0.9285714285714286
18213461,14,2,Store_Brand,13,0.9285714285714286
1010110479,14,2,Store_Brand,13,0.9285714285714286
1611711,15,2,Store_Brand,14,0.9333333333333333
31252131,15,2,Store_Brand,14,0.9333333333333333
19836332,31,2,Store_Brand,29,0.9354838709677419
14793171,16,2,Store_Brand,15,0.9375
16577651,18,2,Store_Brand,17,0.9444444444444444
857341,19,2,Store_Brand,18,0.9473684210526315
94295771,25,2,Store_Brand,24,0.96
86197631,6,1,Store_Brand,6,1.0
78266001,10,1,Store_Brand,10,1.0
1346501,6,1,Store_Brand,6,1.0
92544181,5,1,Store_Brand,5,1.0
91551701,5,1,Store_Brand,5,1.0
86540911,15,1,Store_Brand,15,1.0
89739441,6,1,Store_Brand,6,1.0
78403741,5,1,Store_Brand,5,1.0
1312281,7,1,Store_Brand,7,1.0
85251171,5,1,Store_Brand,5,1.0
85914861,6,1,Store_Brand,6,1.0
86046671,8,1,Store_Brand,8,1.0
87971901,6,1,Store_Brand,6,1.0
90530891,6,1,Store_Brand,6,1.0
1191951,10,1,Store_Brand,10,1.0
104423561,5,1,Store_Brand,5,1.0
95826851,6,1,Store_Brand,6,1.0
115531121,5,1,Store_Brand,5,1.0
117052891,13,1,Store_Brand,13,1.0
117957981,5,1,Store_Brand,5,1.0
117973701,5,1,Store_Brand,5,1.0
118922031,5,1,Store_Brand,5,1.0
120248961,5,1,Store_Brand,5,1.0
121201941,7,1,Store_Brand,7,1.0
122410732,5,1,Store_Brand,5,1.0
122664191,7,1,Store_Brand,7,1.0
122877411,6,1,Store_Brand,6,1.0
1010074279,15,1,Store_Brand,15,1.0
415011,5,1,Store_Brand,5,1.0
223422,5,1,Store_Brand,5,1.0
172722,5,1,Store_Brand,5,1.0
1010176900,5,1,Store_Brand,5,1.0
1010192570,10,1,Store_Brand,10,1.0
1010205010,18,1,Store_Brand,18,1.0
434251,9,1,Store_Brand,9,1.0
93125781,6,1,Store_Brand,6,1.0
115042821,7,1,Store_Brand,7,1.0
109953301,5,1,Store_Brand,5,1.0
100692801,17,1,Store_Brand,17,1.0
100943973,5,1,Store_Brand,5,1.0
101505241,7,1,Store_Brand,7,1.0
101853611,5,1,Store_Brand,5,1.0
102075741,6,1,Store_Brand,6,1.0
102100211,5,1,Store_Brand,5,1.0
102159691,13,1,Store_Brand,13,1.0
686831,9,1,Store_Brand,9,1.0
639511,10,1,Store_Brand,10,1.0
103362891,5,1,Store_Brand,5,1.0
103659541,5,1,Store_Brand,5,1.0
106588691,9,1,Store_Brand,9,1.0
624671,18,1,Store_Brand,18,1.0
106955981,5,1,Store_Brand,5,1.0
108092592,5,1,Store_Brand,5,1.0
109170651,5,1,Store_Brand,5,1.0
109445801,9,1,Store_Brand,9,1.0
114986851,9,1,Store_Brand,9,1.0
78095881,9,1,Store_Brand,9,1.0
5484921,6,1,Store_Brand,6,1.0
1357401,6,1,Store_Brand,6,1.0
19346561,6,1,Store_Brand,6,1.0
3329531,17,1,Store_Brand,17,1.0
19711381,7,1,Store_Brand,7,1.0
3256191,5,1,Store_Brand,5,1.0
20390511,11,1,Store_Brand,11,1.0
20807611,6,1,Store_Brand,6,1.0
21239801,9,1,Store_Brand,9,1.0
21762941,5,1,Store_Brand,5,1.0
22075171,8,1,Store_Brand,8,1.0
22096121,10,1,Store_Brand,10,1.0
3071801,13,1,Store_Brand,13,1.0
27230921,7,1,Store_Brand,7,1.0
3001301,5,1,Store_Brand,5,1.0
28393091,5,1,Store_Brand,5,1.0
28832881,5,1,Store_Brand,5,1.0
28923451,13,1,Store_Brand,13,1.0
29036791,8,1,Store_Brand,8,1.0
17706201,20,1,Store_Brand,20,1.0
29054781,6,1,Store_Brand,6,1.0
15985082,6,1,Store_Brand,6,1.0
15486321,8,1,Store_Brand,8,1.0
6277281,5,1,Store_Brand,5,1.0
7566071,16,1,Store_Brand,16,1.0
9603871,9,1,Store_Brand,9,1.0
9632061,10,1,Store_Brand,10,1.0
5129641,9,1,Store_Brand,9,1.0
5009551,6,1,Store_Brand,6,1.0
10689172,6,1,Store_Brand,6,1.0
11547441,8,1,Store_Brand,8,1.0
12337871,5,1,Store_Brand,5,1.0
4607081,7,1,Store_Brand,7,1.0
13155751,8,1,Store_Brand,8,1.0
4524981,10,1,Store_Brand,10,1.0
13377871,7,1,Store_Brand,7,1.0
13395391,9,1,Store_Brand,9,1.0
13833483,6,1,Store_Brand,6,1.0
14062421,6,1,Store_Brand,6,1.0
14569671,6,1,Store_Brand,6,1.0
15602083,7,1,Store_Brand,7,1.0
29448401,6,1,Store_Brand,6,1.0
29975301,5,1,Store_Brand,5,1.0
30296541,10,1,Store_Brand,10,1.0
51055982,9,1,Store_Brand,9,1.0
58675591,5,1,Store_Brand,5,1.0
63178581,5,1,Store_Brand,5,1.0
63729361,5,1,Store_Brand,5,1.0
64448521,5,1,Store_Brand,5,1.0
69467991,18,1,Store_Brand,18,1.0
1962591,12,1,Store_Brand,12,1.0
5538853,5,1,Store_Brand,5,1.0
69714481,5,1,Store_Brand,5,1.0
1947941,11,1,Store_Brand,11,1.0
72189431,6,1,Store_Brand,6,1.0
1947101,6,1,Store_Brand,6,1.0
1874371,6,1,Store_Brand,6,1.0
73320811,6,1,Store_Brand,6,1.0
73950551,7,1,Store_Brand,7,1.0
74514221,5,1,Store_Brand,5,1.0
75082751,7,1,Store_Brand,7,1.0
48809861,6,1,Store_Brand,6,1.0
48582221,6,1,Store_Brand,6,1.0
48224321,13,1,Store_Brand,13,1.0
2427261,6,1,Store_Brand,6,1.0
2828641,9,1,Store_Brand,9,1.0
32085991,7,1,Store_Brand,7,1.0
32606341,5,1,Store_Brand,5,1.0
32853201,6,1,Store_Brand,6,1.0
33882771,6,1,Store_Brand,6,1.0
2824161,8,1,Store_Brand,8,1.0
36737091,17,1,Store_Brand,17,1.0
2727831,7,1,Store_Brand,7,1.0
77676831,5,1,Store_Brand,5,1.0
1010233319,5,1,Store_Brand,5,1.0
38142741,20,1,Store_Brand,20,1.0
38241871,5,1,Store_Brand,5,1.0
38326101,7,1,Store_Brand,7,1.0
42797771,5,1,Store_Brand,5,1.0
2487271,6,1,Store_Brand,6,1.0
46463211,7,1,Store_Brand,7,1.0
46502181,7,1,Store_Brand,7,1.0
46843001,16,1,Store_Brand,16,1.0
2548751,5,1,Store_Brand,5,1.0
1010244089,9,1,Store_Brand,9,1.0
